42
660
972
1584
2057
2466
2902
3253
3986
4640
4981
5598
6203
6831
7227
7507
8108
8666
9227
9583
9955
10645
11230
11485
12044
12697
13270
13786
14417
15022
15582
16055
16465
17063
17350
17702
18127
18578
19054
19566
19885
20392
21159
21653
22032
22473
23138
23770
24250
24704
25266
25940
26368
27183
27764
28355
29028
29580
30350
31528
31971
32562
33364
34100
34739
35556
36439
36967
37657
38213
38687
39240
39951
40740
41534
42119
42624
43300
43804
44166
44763
45130
45742
46337
46703
47132
47753
47974
48425
48952
49522
50046
50636
51133
51728
52265
52806
53535
54211
54849
55330
55771
56114
56585
57085
57330
57587
57887
58330
58851
59292
59615
59990
60320
60747
61225
61856
62175
62654
63396
63856
64365
64678
65186
65965
66555
67321
68168
68772
69428
70062
70563
71273
71868
72292
72745
73700
74097
74690
75338
75708
76051
76641
77126
77620
78157
78876
79609
80311
81191
81651
82411
83202
83690
84308
85243
85847
86439
86911
87617
88109
88719
89432
90048
90855
91266
92099
92814
93457
94417
94998
95603
96666
97461
98108
98687
99121
99788
100062
100456
100928
101535
102035
102738
103402
104127
104826
105513
106385
107141
107811
108393
108989
109703
110419
111500
112427
112877
113666
114176
114766
115329
115961
117118
118044
118738
119483
120124
120968
121521
122096
123010
123668
124122
124618
125023
125578
126199
126770
127383
128095
128578
129108
129815
130292
130913
131424
132004
132741
133484
134036
134429
134852
135571
136103
136591
137143
137708
138290
138828
139353
139797
140565
141090
141899
142496
143075
143866
144553
145411
146149
146884
147494
148127
148819
149482
150005
150773
151320
151949
152474
153203
153742
154391
154956
155546
156064
156684
157253
158227
158899
159239
159743
160452
161311
162097
162616
162889
163753
164275
165036
165999
166749
167736
168453
169067
169765
170433
171078
171930
172726
173237
174137
174934
175565
176039
176678
177220
177684
178219
179049
179524
179928
180423
181137
181896
182497
183013
183588
184169
184672
185157
185633
186267
187002
187527
188394
188977
189543
190240
190939
191848
192658
193383
193934
194698
195404
195828
197005
197570
198193
199112
199942
200398
201147
201564
202132
202528
202995
203494
204020
204576
205114
205773
206295
206984
207659
208342
209162
209773
210364
210787
211156
211731
212154
212620
213186
213652
214336
214826
215645
216456
217117
217635
218343
218928
219561
220291
220942
221666
222534
222948
223559
224141
224772
225219
225833
226412
227312
227938
228740
229655
230498
231179
232070
232938
234321
234803
235638
236480
237202
238012
239037
239919
241119
241947
242891
243732
244842
245843
246748
247465
247938
248738
249453
250337
251469
252477
253695
254431
255426
256165
256950
257807
258440
259400
260106
261023
261867
262812
263708
264285
265397
266190
267211
268344
269396
270376
271143
271908
272753
273559
274558
275355
276006
276937
278047
278982
279960
280790
281582
282303
283171
284399
285323
286173
287060
288126
289193
290326
291594
292856
293766
294716
295878
296835
297925
299082
300191
301495
302473
303516
304456
305383
306191
306717
307652
308431
309229
309886
310747
311566
312503
313244
314052
315262
316383
317379
318641
319488
320596
321472
322227
323186
323897
324635
325523
326364
327196
328159
329355
329930
330963
332078
333108
334210
335281
336073
337265
338368
339335
340694
341942
342867
343847
345119
346123
346738
348292
348946
349806
350795
351697
352897
353997
354853
355417
356282
356936
357536
357978
358487
358928
359501
360508
361511
362326
362982
363926
364710
365724
366388
367027
368455
369321
370445
371571
372081
372687
373426
373599
374000
374247
374529
374722
374888
375154
375489
375910
376153
376673
377075
377706
378075
378415
378779
379025
379254
379614
379937
380219
380464
380794
381172
381570
381795
382160
382392
382802
383016
383393
383836
384388
384740
385063
385342
385604
386146
386579
386959
387297
387902
388218
388507
388957
389517
389950
390388
390736
391347
391827
392257
392645
393369
393830
394572
395076
395715
396493
396890
397326
398045
398527
399053
399621
400515
401030
401598
402158
402701
403045
403695
404249
404666
405060
405523
405964
406371
406770
407272
407766
408212
408533
409111
409609
410182
410585
411047
411560
412199
412599
412904
413374
413769
414126
414455
414615
415123
415339
415577
415809
416068
416192
416419
416768
416911
417225
417462
417737
418032
418446
418641
418801
419094
419268
419555
419807
420175
420384
420653
421270
421673
422089
422448
422673
423276
423802
424154
424763
425220
425425
425899
426229
426519
426866
427169
427576
427933
428269
428801
429454
430001
430493
431043
431484
432150
432838
433280
433749
434411
434880
435313
435884
436253
436766
437417
437915
438299
438946
439817
440882
441692
442187
442787
443503
444029
444632
445368
445855
446465
447244
448006
448669
449243
450147
450611
451164
451734
452507
453252
454338
455287
456129
456914
457781
458484
459133
459482
459990
460476
461136
461666
462228
462679
463333
464189
464657
465327
466120
467014
467725
468288
468840
469630
470162
471103
472018
472945
473567
474230
474732
475188
475933
476373
476871
477490
477856
478465
479066
479797
480568
481271
481769
482294
482815
483550
483976
484458
485176
485844
486923
487567
488497
489043
489869
490640
491534
492385
492894
493713
494472
495063
495822
496614
497099
497862
498777
499898
500368
501362
502377
503283
504146
505025
505709
506251
507166
507815
508418
508818
509656
510194
511032
511844
512390
513240
514041
514978
515739
516564
517141
518049
518800
519487
520272
521135
521886
522827
523432
524039
524864
525725
526813
527771
529219
530204
531134
532213
533386
534680
535773
536511
537447
538365
539177
540237
541043
541991
543091
543948
544794
545300
545927
546426
547581
548598
549520
550387
551217
551801
552552
552989
553514
554342
554927
555612
556444
557214
557999
558827
559570
559988
560441
561280
561874
562918
563699
564511
565364
566129
567219
567752
568570
569343
570529
571510
572305
573011
573953
574880
575595
576694
577579
578682
579335
579827
580519
580944
581664
582319
583038
583618
584043
584610
585217
585880
587118
587721
588817
590025
590889
592118
592828
593524
594368
595166
595674
596334
597351
598123
598983
599763
600731
601604
602748
604199
604991
606465
607286
608019
609004
610246
611367
612210
613570
614759
615836
616795
617623
618213
618735
619862
620499
621207
621760
622635
623684
624647
625542
626924
628130
629416
630648
631311
632317
633094
634167
634858
635762
636759
637589
639051
640285
641907
643415
644790
646330
647272
648340
649430
650445
651373
652307
652918
653716
654476
655312
656195
656913
658210
659085
659969
660675
661410
662030
662879
663482
664669
665802
666810
668088
669052
670263
670987
671816
672479
673754
674681
675612
676483
677394
678297
679266
680347
681077
681963
682808
684130
685486
687072
